2 1
2 2
2 3
2 4
2 5
2 6
2 7
2 8
2 9
2 10
2 11
2 12
2 13
2 14
2 15
2 16
2 17
2 18
2 19
2 20
2 21
2 22
2 23
2 24
2 25
2 26
2 27
2 28
2 29
2 30
2 31
2 32
2 33
2 34
2 35
2 36
2 37
2 38
2 39
2 40
2 41
2 42
2 43
2 44
2 45
2 46
2 47
2 48
2 49
2 50
2 51
2 52
2 53
2 54
2 55
2 56
2 57
2 58
2 59
2 60
2 61
2 62
2 63
2 64
2 65
2 66
2 67
2 68
2 69
2 70
2 71
2 72
2 73
2 74
2 75
2 76
2 77
2 78
2 79
2 80
2 81
2 82
2 83
2 84
2 85
2 86
2 87
2 88
2 89
2 90
2 91
2 92
2 93
2 94
2 95
2 96
2 97
2 98
2 99
2 100
3 1
3 2
3 3
3 4
3 5
3 6
3 7
3 8
3 9
3 10
3 11
3 12
3 13
3 14
3 15
3 16
3 17
3 18
3 19
3 20
3 21
3 22
3 23
3 24
3 25
3 26
3 27
3 28
3 29
3 30
3 31
3 32
3 33
3 34
3 35
3 36
3 37
3 38
3 39
3 40
3 41
3 42
3 43
3 44
3 45
3 46
3 47
3 48
3 49
3 50
3 51
3 52
3 53
3 54
3 55
3 56
3 57
3 58
3 59
3 60
3 61
3 62
3 63
3 64
3 65
3 66
3 67
3 68
3 69
3 70
3 71
3 72
3 73
3 74
3 75
3 76
3 77
3 78
3 79
3 80
3 81
3 82
3 83
3 84
3 85
3 86
3 87
3 88
3 89
3 90
3 91
3 92
3 93
3 94
3 95
3 96
3 97
3 98
3 99
3 100
4 1
4 2
4 3
4 4
4 5
4 6
4 7
4 8
4 9
4 10
4 11
4 12
4 13
4 14
4 15
4 16
4 17
4 18
4 19
4 20
4 21
4 22
4 23
4 24
4 25
4 26
4 27
4 28
4 29
4 30
4 31
4 32
4 33
4 34
4 35
4 36
4 37
4 38
4 39
4 40
4 41
4 42
4 43
4 44
4 45
4 46
4 47
4 48
4 49
4 50
4 51
4 52
4 53
4 54
4 55
4 56
4 57
4 58
4 59
4 60
4 61
4 62
4 63
4 64
4 65
4 66
4 67
4 68
4 69
4 70
4 71
4 72
4 73
4 74
4 75
4 76
4 77
4 78
4 79
4 80
4 81
4 82
4 83
4 84
4 85
4 86
4 87
4 88
4 89
4 90
4 91
4 92
4 93
4 94
4 95
4 96
4 97
4 98
4 99
4 100
5 1
5 2
5 3
5 4
5 5
5 6
5 7
5 8
5 9
5 10
5 11
5 12
5 13
5 14
5 15
5 16
5 17
5 18
5 19
5 20
5 21
5 22
5 23
5 24
5 25
5 26
5 27
5 28
5 29
5 30
5 31
5 32
5 33
5 34
5 35
5 36
5 37
5 38
5 39
5 40
5 41
5 42
5 43
5 44
5 45
5 46
5 47
5 48
5 49
5 50
5 51
5 52
5 53
5 54
5 55
5 56
5 57
5 58
5 59
5 60
5 61
5 62
5 63
5 64
5 65
5 66
5 67
5 68
5 69
5 70
5 71
5 72
5 73
5 74
5 75
5 76
5 77
5 78
5 79
5 80
5 81
5 82
5 83
5 84
5 85
5 86
5 87
5 88
5 89
5 90
5 91
5 92
5 93
5 94
5 95
5 96
5 97
5 98
5 99
5 100
6 1
6 2
6 3
6 4
6 5
6 6
6 7
6 8
6 9
6 10
6 11
6 12
6 13
6 14
6 15
6 16
6 17
6 18
6 19
6 20
6 21
6 22
6 23
6 24
6 25
6 26
6 27
6 28
6 29
6 30
6 31
6 32
6 33
6 34
6 35
6 36
6 37
6 38
6 39
6 40
6 41
6 42
6 43
6 44
6 45
6 46
6 47
6 48
6 49
6 50
6 51
6 52
6 53
6 54
6 55
6 56
6 57
6 58
6 59
6 60
6 61
6 62
6 63
6 64
6 65
6 66
6 67
6 68
6 69
6 70
6 71
6 72
6 73
6 74
6 75
6 76
6 77
6 78
6 79
6 80
6 81
6 82
6 83
6 84
6 85
6 86
6 87
6 88
6 89
6 90
6 91
6 92
6 93
6 94
6 95
6 96
6 97
6 98
6 99
6 100
7 1
7 2
7 3
7 4
7 5
7 6
7 7
7 8
7 9
7 10
7 11
7 12
7 13
7 14
7 15
7 16
7 17
7 18
7 19
7 20
7 21
7 22
7 23
7 24
7 25
7 26
7 27
7 28
7 29
7 30
7 31
7 32
7 33
7 34
7 35
7 36
7 37
7 38
7 39
7 40
7 41
7 42
7 43
7 44
7 45
7 46
7 47
7 48
7 49
7 50
7 51
7 52
7 53
7 54
7 55
7 56
7 57
7 58
7 59
7 60
7 61
7 62
7 63
7 64
7 65
7 66
7 67
7 68
7 69
7 70
7 71
7 72
7 73
7 74
7 75
7 76
7 77
7 78
7 79
7 80
7 81
7 82
7 83
7 84
7 85
7 86
7 87
7 88
7 89
7 90
7 91
7 92
7 93
7 94
7 95
7 96
7 97
7 98
7 99
7 100
8 1
8 2
8 3
8 4
8 5
8 6
8 7
8 8
8 9
8 10
8 11
8 12
8 13
8 14
8 15
8 16
8 17
8 18
8 19
8 20
8 21
8 22
8 23
8 24
8 25
8 26
8 27
8 28
8 29
8 30
8 31
8 32
8 33
8 34
8 35
8 36
8 37
8 38
8 39
8 40
8 41
8 42
8 43
8 44
8 45
8 46
8 47
8 48
8 49
8 50
8 51
8 52
8 53
8 54
8 55
8 56
8 57
8 58
8 59
8 60
8 61
8 62
8 63
8 64
8 65
8 66
8 67
8 68
8 69
8 70
8 71
8 72
8 73
8 74
8 75
8 76
8 77
8 78
8 79
8 80
8 81
8 82
8 83
8 84
8 85
8 86
8 87
8 88
8 89
8 90
8 91
8 92
8 93
8 94
8 95
8 96
8 97
8 98
8 99
8 100
9 1
9 2
9 3
9 4
9 5
9 6
9 7
9 8
9 9
9 10
9 11
9 12
9 13
9 14
9 15
9 16
9 17
9 18
9 19
9 20
9 21
9 22
9 23
9 24
9 25
9 26
9 27
9 28
9 29
9 30
9 31
9 32
9 33
9 34
9 35
9 36
9 37
9 38
9 39
9 40
9 41
9 42
9 43
9 44
9 45
9 46
9 47
9 48
9 49
9 50
9 51
9 52
9 53
9 54
9 55
9 56
9 57
9 58
9 59
9 60
9 61
9 62
9 63
9 64
9 65
9 66
9 67
9 68
9 69
9 70
9 71
9 72
9 73
9 74
9 75
9 76
9 77
9 78
9 79
9 80
9 81
9 82
9 83
9 84
9 85
9 86
9 87
9 88
9 89
9 90
9 91
9 92
9 93
9 94
9 95
9 96
9 97
9 98
9 99
9 100
10 1
10 2
10 3
10 4
10 5
10 6
10 7
10 8
10 9
10 10
10 11
10 12
10 13
10 14
10 15
10 16
10 17
10 18
10 19
10 20
10 21
10 22
10 23
10 24
10 25
10 26
10 27
10 28
10 29
10 30
10 31
10 32
10 33
10 34
10 35
10 36
10 37
10 38
10 39
10 40
10 41
10 42
10 43
10 44
10 45
10 46
10 47
10 48
10 49
10 50
10 51
10 52
10 53
10 54
10 55
10 56
10 57
10 58
10 59
10 60
10 61
10 62
10 63
10 64
10 65
10 66
10 67
10 68
10 69
10 70
10 71
10 72
10 73
10 74
10 75
10 76
10 77
10 78
10 79
10 80
10 81
10 82
10 83
10 84
10 85
10 86
10 87
10 88
10 89
10 90
10 91
10 92
10 93
10 94
10 95
10 96
10 97
10 98
10 99
10 100
11 1
11 2
11 3
11 4
11 5
11 6
11 7
11 8
11 9
11 10
11 11
11 12
11 13
11 14
11 15
11 16
11 17
11 18
11 19
11 20
11 21
11 22
11 23
11 24
11 25
11 26
11 27
11 28
11 29
11 30
11 31
11 32
11 33
11 34
11 35
11 36
11 37
11 38
11 39
11 40
11 41
11 42
11 43
11 44
11 45
11 46
11 47
11 48
11 49
11 50
11 51
11 52
11 53
11 54
11 55
11 56
11 57
11 58
11 59
11 60
11 61
11 62
11 63
11 64
11 65
11 66
11 67
11 68
11 69
11 70
11 71
11 72
11 73
11 74
11 75
11 76
11 77
11 78
11 79
11 80
11 81
11 82
11 83
11 84
11 85
11 86
11 87
11 88
11 89
11 90
11 91
11 92
11 93
11 94
11 95
11 96
11 97
11 98
11 99
11 100
852 453526520
386 893295294
6845 390167489
933 625784735
1003 584395451
493 91521616
239 136016584
8273 139616078
8345 1459361
8369 93842731
2124 880187986
4859 307289357
9036 187397561
2566 304205100
1475 737897226
3427 128084311
8300 631568717
8810 1287536
5789 778086623
5764 2103787
8401 637745645
2663 319647827
6778 172923644
674 825003462
9232 774540132
7452 684403572
2588 236010960
8110 562834211
7819 376894143
7868 440515502
5466 332153606
9620 195549057
6911 736054348
134 113199903
8312 905400205
2535 919315357
9719 63087512
2027 298735396
2049 666949521
5124 541641586
4013 947706735
9002 745707609
8270 680157823
5652 967609919
5829 793706463
1644 505184413
7217 253458180
7165 36936321
5587 128394805
2038 664325387
6669 150975245
4965 226578419
8891 556263165
533 840517122
4070 206377927
3695 572622740
4571 688798724
6619 646532893
2844 521647519
4112 973077408
3290 172535896
8899 14866233
9271 242293827
6250 977298325
6294 999634502
321 323883125
1786 483305630
2221 703649327
6337 636777818
1938 490833965
4692 858028767
6280 803455339
8286 387761762
2266 736642301
3408 337013873
2677 656624775
420 767196011
1277 621677763
1196 180094467
3962 319335935
3364 831877057
1996 536517276
7438 405402497
1666 600464272
8274 936336369
5294 883800293
216 360487447
103 155653176
8076 966958538
2330 444325178
3780 711360052
4724 89565235
7204 575131222
9094 787803770
4452 668573060
67 168843518
1206 311334373
2011 461810880
6711 565821684
872 920918358
5460 560301570
1856 224623978
1737 669541041
3941 853124921
6315 707605370
438 327243541
9632 23095848
1638 520127972
9814 425749083
8592 910219166
9217 451774983
3346 985655762
2889 58493938
4603 385623586
2635 525191225
5559 473435842
5483 142134475
8102 854385917
8429 855821292
2631 289929648
4232 900239540
3736 399550925
5044 713168270
1344 496196826
2452 920515769
335 945586543
998 65315018
8757 655239100
7440 653253416
7095 229958144
2603 638105231
5175 374401299
8137 699271054
9983 136900317
3445 446270729
1990 478041820
2684 810354871
476 902834339
8053 324983205
306 310129749
4182 370038961
6978 144494894
6296 282531600
3037 241214970
8847 918871240
3181 813048732
4911 182402358
4188 643475337
423 677018506
7660 103328330
5301 430858567
5880 240819198
1866 415347396
9260 843847381
332 970693549
5670 474323350
8247 330123138
6385 892377626
4690 64716310
6528 248870862
8583 86300177
7621 104930357
1831 152187759
9978 761252708
7887 741167103
2108 314937477
6346 529618917
2351 758677588
5176 313798681
8088 80001445
7771 198783206
838 292561884
6789 963980907
149 252450675
5603 552013597
3239 609386104
2244 374611523
203 463426316
774 692622969
9231 411308517
2415 919796270
7279 607750348
871 154177574
1848 478135584
3223 122265080
9907 351517266
2680 621529744
5741 624523879
9851 682842287
5023 352263289
2922 918134118
9460 424204598
5116 294527647
4471 153052511
7338 506983316
38 877569099
1008 187397462
6893 573858401
9920 724498247
1861 13327777
3372 616263584
7657 837852700
4586 462632940
7520 718072439
1876 822715275
4967 706984045
9233 307027504
6222 362338634
2350 89647204
6374 617156208
4211 122122752
5179 24085974
2038 331294903
5241 682997380
156 281215114
397 104757528
9894 990255697
1496 269688388
4243 63554105
5267 3268941
9827 735730753
1376 620127374
7247 852401852
3150 81154547
9053 478662866
2560 131500414
6921 870402814
2209 625510342
1597 264902033
2923 117574259
767 946096942
265 360522947
9992 738929996
3839 735133705
7859 972258487
9899 29217320
6758 972484624
1887 722860060
4143 928945736
2315 972870769
3460 517196073
3907 941722570
6374 699902925
4365 20267356
823 40872740
6851 874660720
8681 195110515
6125 670324196
4719 183533520
6386 896266411
3663 135005351
4133 874238536
2114 171806264
1352 923992151
5404 681948182
5442 125570053
7945 136044713
7965 581281427
6530 26188205
3251 50547158
9068 132725425
4879 375961786
1606 494854041
7662 495953850
9932 771638557
110 340971370
4617 3785032
394 206231790
3713 188873721
54 378930816
2118 319190885
821 635531245
1176 421502099
5754 233974040
2642 318348766
1205 66798710
6311 903248759
9824 829512593
5577 784109537
1982 261203334
5983 488994931
6471 64940422
3067 838069210
5242 954677592
5173 375465620
9203 885887958
8884 74734453
528 536609131
4078 633579046
9999 707207324
8589 140293537
8388 806849660
2116 297697463
6722 370835766
115 240437386
994 982509702
8847 464808211
8734 977154112
3934 403688861
1615 159497416
5332 972298568
2040 373972377
9175 776195975
5443 213488575
2423 748151458
1043 215124572
1282 85983797
6947 821009702
3273 200112559
7785 807590119
9720 592403668
1375 353350652
1149 82599484
2715 323135703
4664 173662161
8321 98311294
5801 454669141
9564 234007305
2496 229144794
5906 96968231
3742 833414472
2639 820688282
748 351915738
5051 810076598
1127 252159393
3900 407902182
77 376074240
7474 39253799
9211 511055662
3352 824669324
7991 987289527
2975 360355768
6654 994700283
4018 337811303
8837 342682286
7492 75708389
814 692065110
7350 203743637
8687 162253520
8339 651805547
2429 736117708
9951 288289138
6903 466894156
6124 717889864
3103 90274601
3858 97916061
6270 329928334
5613 149710776
786 947069563
5051 328345586
627 430371907
6161 121605688
2866 974421518
9877 690023309
9494 560963928
8406 492768646
3489 355443056
5976 797950156
2720 201501690
2330 135466909
1525 466725742
4064 734386252
347 288561558
4546 828028861
1768 851482132
1143 304244714
4769 255984858
7128 942281312
1455 793492143
7140 667004098
4144 271115697
3842 600980293
8164 570617806
4872 951878451
7156 959315785
6263 748808552
1709 965319484
7228 507554008
9491 731537424
9948 117726983
1444 522509318
1370 9041551
662 102727601
7699 706490782
6630 19470458
4420 833451125
2941 253805339
5417 281787370
2329 874130980
6242 304164839
7918 534128250
1627 283698153
9212 653571539
9360 849719169
1603 462701883
6091 145778390
1063 187628945
8289 586494242
3090 265204234
1697 626703153
7856 114456238
9828 881621989
9109 531305174
6352 915501748
3862 300173237
3612 746873384
2285 426749131
2733 227832926
3119 904085619
6644 308400008
2305 462896727
6071 406164075
6921 783159286
7575 925579489
4167 589580581
5826 828228697
7774 361560203
1398 159888978
1026 325379619
9968 89310947
5432 170553278
1502 192931638
4233 210573694
562 671465993
9015 289392733
6570 422716460
103 102837924
1055 608732421
9338 834989684
6272 584257295
9951 948358208
1965 552477782
3456 385076049
1137 476066556
1842 432710209
7645 13343672
7482 983713152
5059 650391634
6248 429225427
9919 322511400
2291 663572175
9636 36064941
6887 949560162
1836 315938276
4809 196212299
6597 855447273
3306 986633885
2160 562683496
717 475101248
7608 395157284
2402 515967600
3005 59633266
6511 572216380
7907 985154235
2355 527956744
4480 306515966
3230 171569931
9957 615705675
5824 225441746
5552 433470537
2039 27887803
4215 470254001
8077 192833403
2239 584888272
8652 201099929
5767 561817609
8120 494299632
5779 425836113
7729 780261681
6196 290816433
3671 415654495
1190 931986120
2693 801756241
8355 776939078
142 343782707
3028 370648434
7522 860264197
5945 204169893
1749 647983643
8150 399117261
8246 233067419
8106 4129003
6885 271582210
499 875771541
5479 491423
8844 484464245
4864 445948695
9085 950133192
7680 171072991
9875 612349919
9771 433219781
8989 346042017
4116 395179624
3601 651096839
6437 362793915
4044 936576927
926 239516294
9215 775131915
9228 514378213
6737 93109887
661506844 74170055
395956135 348414022
734221740 690275952
878324640 574497340
356045608 490669303
443700625 5369429
651864458 897405385
116005125 638865686
155310349 771251236
499402646 973266967
701008565 926892957
853596011 154807943
824193097 318157467
759011592 792304551
459842357 971629273
481648613 361041230
448262574 125972456
724807237 106423395
862224461 28061098
701492615 271881575
914114266 151597784
10735869 189673
792548985 300667262
484666519 38316559
798584073 312051066
628392129 890397459
211981648 920338176
417920132 265044932
962685090 485327128
765639688 58487297
632127432 562645022
27917738 301928002
675484664 223422018
343179902 648314383
371350847 759937030
834067652 417099398
168283112 791372483
996467244 894786265
870259595 412180772
294620323 985895118
320382737 935012776
267711792 175314237
524468765 492943652
926936666 947525782
151025496 899685183
481871015 216938328
266444150 660643573
228161034 110757019
536689046 729310997
644724293 197181575
86625803 793442499
230932545 77883611
609031906 808868854
852637480 771119975
356121796 931341307
381603914 539362962
874396913 640791536
455491030 803394004
951714631 456721226
230628474 888881725
885987007 938564176
711116870 82288365
434157440 481733277
276969610 771134874
177693989 664664994
855992428 309844237
367410715 955249441
904918536 919412133
289433808 441425843
85458215 333862354
823815786 962471235
497547811 269804187
388948569 902588817
175469273 886873113
931399388 384346801
600853057 477421049
587582519 484932489
990852385 719253502
326101057 793581654
940711785 658135165
770018859 265133351
345301352 648608480
449505656 687848545
52810527 990723108
894275027 744038201
518756637 964254554
853178202 134307389
871374010 496449577
511936703 333875148
785262785 244899146
223144539 675375257
571979811 214876939
729248892 324936748
202526202 295670733
78811544 178754912
481996528 804001926
100776219 870623462
892338262 240535360
639327408 726652865
394485673 653341592
290282855 586624457
121484861 929115456
59970248 700793896
710418395 322936957
536642993 583296479
160732762 428837033
339649760 727628354
660975082 72422066
717556650 950371704
640003239 595377050
7451221 283613436
55976591 481414901
979697485 206305823
69866785 610447726
284606009 640915075
751238893 827468098
342532948 178852001
428598795 640795843
763289585 480081476
145562014 472614102
751507734 893324044
312193083 60618101
457682533 676809965
298163754 407997998
10726889 108978349
37611372 839612579
230415142 357036649
659785524 484256008
183149392 706414608
423207647 430681768
943209783 136916966
475045903 691028065
239716464 256931075
770181846 710418211
644691697 995103186
300830501 724320372
632333874 489579154
737216695 274136815
593286625 511541720
226614620 286178496
74779215 68812555
6394503 367718442
826574535 618316519
666455304 960652801
673218636 66119163
450710046 887302704
430280261 827576619
804384886 860470325
108540974 333054510
124526209 437408160
637726049 657832977
341956452 467785368
888644631 884298674
75882460 923438677
113993916 185386053
539928328 35141543
411924339 983536083
284283553 131940206
156086043 791982518
325248923 8294175
204506032 165803295
954271339 836325190
550880088 11980688
482199377 775267326
937383209 803244898
277629401 73348474
710226994 19821633
343972394 560020096
470783107 725433258
421326460 453764329
82614722 606239604
123877757 123328547
196391698 855792708
377571959 462478767
863118709 755599383
222355609 218531747
239413467 741047484
62063338 159384872
220729739 554064471
580942153 829005565
344827057 831030752
942674053 621540850
6941782 791649186
148616235 490232174
343818978 585493436
34145891 619837930
977508529 772457123
224594234 830008180
786109686 177884574
507668260 199542829
56591746 928748873
688262544 410894539
465572390 308414483
899372307 314961176
698665756 967655616
420361139 582435441
413571234 394422503
649910107 270185031
263631646 163369844
209407821 455869089
682589083 818295730201131304
332630014 234546201837772953
814250022 922969111127121172
817744338 521962803842031323
482082312 405640602020790562
209937265 404127417025739817
568450381 555637600131441804
121215072 788938977452575705
377124472 42420100110816867
911527721 120401448559368789
979828347 204299641605184521
567557015 305191773245881242
681091647 387228176067159991
254062785 426847440282937786
466791550 749798087997808376
834146101 710132182453105498
277793816 983262031401185580
632517008 889087055372171828
430481446 881852198170508806
825428398 767560880670097814
949945009 424666962109008910
258694976 347959077984980194
647899995 818210966073134880
189366003 806510127452720652
878299688 759957733226184428
119441885 172453938487436319
674374747 165957296671931764
532265371 844901841287293368
80196110 343835612313341328
714351908 789939590746641289
832332978 832111182652954989
150318749 326374936042856152
17553994 410494324771391754
13676016 917185435757940733
321062297 79662908684200121
836265592 823337980529934567
314106465 308280397924638628
535284739 424209446939623320
99728377 832171361525691974
145784870 471658389126659236
792233412 620719269624917230
762479508 769977742589135286
883575073 797187662865474112
578973358 314753870704044044
314398925 258017967629027763
956024220 436807425336239862
636342638 16813332510011923
81580217 487439346511172187
678219599 823182557597490176
607543623 786979576134119731
423111436 494780003721977966
100547531 932817589708854286
475114604 257734227907864356
368751946 964400147388248971
51003370 408536417148038461
154156215 183904297115836130
655701390 820405300703681449
166448618 962316766634490459
283368719 102297270025055661
807293550 57869735906364885
739318727 548044123283089247
462052290 655219589888664384
517301523 950180651128413227
775572402 873714244515018019
136312353 427400532360611153
868256857 421108289583738135
681162991 567190717750470756
783937616 78993131321291337
849674103 378939039765007820
252619685 83474898829412348
653976927 642811041323484997
643207216 71698687841942533
561943194 648968713786066526
445626975 984823262996112717
551735208 125722336725844731
314230202 384716905243439699
339654691 790363778367812052
567248551 958808216896882599
180078718 666792711616596724
66906410 939839788807614064
971393379 206129375999451194
129704019 71245337148576487
709038892 980075737744606171
167847029 734737882711511770
368071507 47772687400271582
583961844 412596853313068074
617351757 874370869699958686
84726315 494583621196241741
404880964 44071508371957836
361922616 849917994003364300
721485581 652814918182602091
598848104 253067781597899974
683427290 801443267839849554
258023169 302671581478785900
608026082 488813811186545070
930715456 229557725629916547
700142897 72379915685562365
668978087 955569224418800101
444749770 736888852287583763
321650339 589173987938282752
256068223 251349507483493785
667074534 807904919699771221
964746940 621804779747422601
881605048 170731874553988090
682524418 450384601199508659
411992042 573877264954861337
761770270 333332201470023740
909263926 147290247931499631
561732281 238468083125500442
946569818 721679973382227406
762116400 220768862763172761
753721048 219776609344962971
749874757 658041971501619161
816780470 298239520708008272
884831092 767651695057699405
555773866 579884459072141307
631090758 905248549495483709
300869313 248253004127748285
262925677 494216582001633349
856503848 397305733324553549
685248591 324962875608104660
925427016 39346869738986611
909112775 217280693676187310
116157956 369993037044416653
737759084 176004504987815531
166813139 497996564592664077
618403736 213766559159546869
223583548 576991941775124984
210087176 748808867650874126
666750084 578552706282510440
832963802 511207536152488904
888689000 220619916216658700
634652720 242864520527479050
456171787 379024443241353123
405613864 727905240683319058
673508137 906542698404531845
403009266 938114935265585646
109238478 844163476114245914
518152564 383579689411836929
526530473 309630222186317920
892389380 218661341223903353
922148787 321757821865578070
399001924 889199502077135817
340334497 170879268532354358
147822414 351129987735108871
59513767 185918453376953570
440314997 17975485868402206
760503104 787657353369763186
520466092 556628592670199279
386915220 72277902327201584
237049087 804312145588666082
640398302 596975979442338113
432559595 435322362186062926
235325785 747359271294948214
928631960 13948760904532776
458778466 432140220452458408
671293032 49397053755948322
932302990 807765647979920642
99230248 589586878356176002
554696082 843130791186827396
607377565 591515488127048353
254668960 60255281893942145
892761158 907817986279171692
927978402 701116997146196513
385393594 552016465752949478
341152898 580681765053086176
138912750 261259068977763748
64689456 621667835296819213
632470104 675996704907674959
647601747 76937722525403212
989660308 505674739656624166
304277256 128648951182201621
702154281 936972921284592249
86835280 78019720405417010
503204011 806288120580240687
915389112 778215177801533765
814267374 989511949752302657
24971162 118815800254937152
284688770 186917205165333821
375822609 629508025103988202
870909141 129017558718752196
733887870 800378797408773217
245481168 63046782439332364
48178288 832938031051548836
421268876 939489185951878954
978580055 419178713409779235
259971299 182938057836051546
288244127 886366182704535056
221553482 172130313677497652
185235881 879689697970069713
464476481 251722621646913479
593453440 592868473740876477
417248772 488929349905938773
378829772 690051073802485410
181708179 363305300042475734
807816642 56703407514261567
417128478 88125135650361716
224978483 403869103394713291
648936760 457611231559742733
417651004 53981635729129324
635105628 802581570699507381
970194854 845786483290277825
87115994 81396055101082929
934400437 65663255942062169
243776741 71636274143692156
750451139 281793774394828602
526943415 507504443324503365
985867968 582941069545093723
466141017 866836681733832048
708425138 241836184372265513
62878841 228743012267752593
283174035 904429227980426246
146855350 415525362998759796
111988598 717637271597413573
727691450 153134726728846744
147626696 417860536808284976
428554380 9636512525989806
896468913 510087032586326658
190597125 174558597287394847
310039635 974025717428350190
371975044 812443901618010500
557983317 634754423773197846
296163333 823507650969829164
958873265 276879435739350420
737317815 435099577538577305
197898221 278069721430200692
169166603 948917071544479038
785344198 682951389096438347
978011737 739167134574829387
541723796 834226536748482978
806788121 909757471440207611
803036681 546752077823292506
192765440 371254902875734640
564677 90246322621715249
158189061 246836981679531171
761576683 739317236816751865
348888742 446509224466541536
786647821 675165067401248023
825198896 69910901358870597
533713293 528319976415209990
453680993 662278493377663558
913993682 4418101566854098
335137905 449061503805444396
291596688 202605576376922782
613150067 850817082285093265
829251591 984126597287986462
235988529 707168999518192613
930834230 822582418284367645
787905971 879346499326843629
838319020 582588332613167097
412786832 965367072383844926
835941601 526622413109287202
877947577 840400214940730566
608734618 750748188328119455
814286346 427600021653062468
512779970 294766639749745544
413515412 192187443489970891
413337126 268076527501708429
700970596 674030737201634115
114860145 740832452472803949
576243238 931414281694973416
643409064 172754752970103424
632595889 741567003393838025
781007705 775787807638739758
348089025 496030953895994442
764620560 507189825130435190
329615839 649569274073568162
122321906 335523260994479208
126048044 229586438694717790
652417720 979326880880396715
828549886 723523133426430307
253370482 840102668057177841
540530002 690994774562069097
241199536 123024721806198564
244965752 36792344143780049
524243248 340742596508133804
393994450 522076972389752816
346596004 495006785168107146
970452546 781473342871698702
373005859 339892632085140206
362939902 429043686521217512
379362327 537723419859827648
445314112 203994690550677295
464732594 845014274560747547
991669489 496018773938941703
777743283 975438289336380364
820799599 500636766895861641
903920094 538898356467665367
511163243 47938731539508545
789371201 764210081641441010
911742531 958241353113738672
986967447 897198673297427465
191902788 494591271836297675
312855167 312000901722126520
397740415 617869307877058682
216215276 405575189500544468
964373487 101552215431932186
614324771 806766359027406819
50182338 515883606988770812
111121960 885350833546568095
